java BruteCollinearPoints input80.txt

(8000, 0) -> (8000, 23000)
(8000, 0) -> (22000, 28000)
(15000, 0) -> (30000, 12000)
(13000, 1000) -> (31000, 1000)
(19000, 1000) -> (29000, 31000)
(19000, 1000) -> (8000, 23000)
(23000, 1000) -> (26000, 13000)
(31000, 1000) -> (22000, 28000)
(4000, 2000) -> (28000, 14000)
(4000, 2000) -> (4000, 27000)
(4000, 2000) -> (24000, 22000)
(17000, 2000) -> (17000, 21000)
(8000, 4000) -> (26000, 22000)
(20000, 4000) -> (5000, 9000)
(20000, 4000) -> (25000, 29000)
(14000, 5000) -> (24000, 5000)
(14000, 5000) -> (14000, 21000)
(17000, 5000) -> (9000, 13000)
(17000, 5000) -> (1000, 21000)
(17000, 5000) -> (1000, 21000)
(17000, 5000) -> (1000, 21000)
(22000, 5000) -> (22000, 28000)
(2000, 6000) -> (17000, 21000)
(2000, 6000) -> (25000, 29000)
(2000, 6000) -> (27000, 31000)
(2000, 6000) -> (25000, 29000)
(2000, 6000) -> (27000, 31000)
(2000, 6000) -> (27000, 31000)
(2000, 6000) -> (25000, 29000)
(2000, 6000) -> (27000, 31000)
(2000, 6000) -> (27000, 31000)
(2000, 6000) -> (27000, 31000)
(16000, 6000) -> (1000, 21000)
(1000, 7000) -> (22000, 28000)
(1000, 7000) -> (25000, 31000)
(1000, 7000) -> (25000, 31000)
(1000, 7000) -> (25000, 31000)
(8000, 8000) -> (21000, 8000)
(8000, 8000) -> (25000, 8000)
(8000, 8000) -> (25000, 8000)
(8000, 8000) -> (25000, 8000)
(9000, 8000) -> (25000, 8000)
(25000, 8000) -> (25000, 27000)
(25000, 8000) -> (25000, 29000)
(25000, 8000) -> (25000, 31000)
(25000, 8000) -> (25000, 29000)
(25000, 8000) -> (25000, 31000)
(25000, 8000) -> (25000, 31000)
(25000, 8000) -> (25000, 29000)
(25000, 8000) -> (25000, 31000)
(25000, 8000) -> (25000, 31000)
(25000, 8000) -> (25000, 31000)
(5000, 9000) -> (25000, 29000)
(5000, 9000) -> (27000, 31000)
(5000, 9000) -> (27000, 31000)
(5000, 9000) -> (27000, 31000)
(25000, 9000) -> (25000, 29000)
(25000, 9000) -> (25000, 31000)
(25000, 9000) -> (25000, 31000)
(25000, 9000) -> (25000, 31000)
(25000, 12000) -> (25000, 31000)
(30000, 12000) -> (14000, 16000)
(30000, 12000) -> (23000, 19000)
(30000, 12000) -> (13000, 29000)
(30000, 12000) -> (13000, 29000)
(30000, 12000) -> (13000, 29000)
(9000, 13000) -> (27000, 31000)
(26000, 13000) -> (26000, 23000)
(28000, 14000) -> (13000, 29000)
(29000, 14000) -> (29000, 31000)
(14000, 16000) -> (29000, 31000)
(11000, 17000) -> (25000, 31000)
(1000, 21000) -> (16000, 21000)
(1000, 21000) -> (17000, 21000)
(1000, 21000) -> (17000, 21000)
(1000, 21000) -> (17000, 21000)
(14000, 21000) -> (17000, 21000)
(0, 23000) -> (26000, 23000)
(0, 23000) -> (30000, 23000)
(0, 23000) -> (30000, 23000)
(0, 23000) -> (30000, 23000)
(8000, 23000) -> (30000, 23000)
(13000, 29000) -> (28000, 29000)

