java FastCollinearPoints input80.txt
(29000, 31000) -> (29000, 14000)
(29000, 31000) -> (19000, 1000)
(29000, 31000) -> (14000, 16000)
(27000, 31000) -> (2000, 6000)
(25000, 31000) -> (25000, 8000)
(25000, 31000) -> (1000, 7000)
(28000, 29000) -> (13000, 29000)
(25000, 29000) -> (20000, 4000)
(13000, 29000) -> (30000, 12000)
(22000, 28000) -> (22000, 5000)
(22000, 28000) -> (8000, 0)
(22000, 28000) -> (31000, 1000)
(4000, 27000) -> (4000, 2000)
(30000, 23000) -> (0, 23000)
(26000, 23000) -> (26000, 13000)
(8000, 23000) -> (8000, 0)
(8000, 23000) -> (19000, 1000)
(26000, 22000) -> (8000, 4000)
(24000, 22000) -> (4000, 2000)
(17000, 21000) -> (17000, 2000)
(17000, 21000) -> (1000, 21000)
(14000, 21000) -> (14000, 5000)
(1000, 21000) -> (17000, 5000)
(14000, 16000) -> (30000, 12000)
(28000, 14000) -> (4000, 2000)
(26000, 13000) -> (23000, 1000)
(30000, 12000) -> (15000, 0)
(5000, 9000) -> (20000, 4000)
(25000, 8000) -> (8000, 8000)
(24000, 5000) -> (14000, 5000)
(31000, 1000) -> (13000, 1000)

